BulkSerialize
VERSION_0
463
7
55
24
74
0
8
0
1
0
0
1
0
13
0
0
1
0
0
1
0
12
0
3
2
0
7
0
8
0
58
0
7
11
0
12
0
6
0
11
0
11
0
1
0
12
0
3
17
0
1
0
12
0
1
0
0
0
2
0
7
0
8
0
11
0
12
0
6
0
12
0
2
58
0
0
13
0
0
1
0
0
1
0
12
0
4
2
0
7
0
8
0
58
0
7
10
0
11
0
12
0
6
0
11
0
11
0
1
0
12
0
3
17
0
1
0
12
0
1
0
0
0
2
0
7
0
8
0
11
0
12
0
6
0
12
0
2
58
0
0
13
0
0
1
0
0
1
0
12
0
4
2
0
7
0
8
0
58
0
7
10
0
11
0
12
0
6
0
11
0
11
0
1
0
12
0
3
17
0
1
0
12
0
1
0
0
0
2
0
7
0
8
0
11
0
12
0
6
0
12
0
2
58
0
0
13
0
0
1
0
0
1
0
12
0
9
2
0
7
0
8
0
2
0
7
0
8
0
2
0
7
0
8
0
2
0
7
0
8
0
2
0
7
0
8
0
2
0
7
0
8
0
2
0
7
0
8
0
2
0
7
0
8
0
4
0
7
0
1
0
0
1
0
12
0
7
13
0
17
0
2
0
11
0
0
21
0
0
0
0
0
0
0
0
11
0
1
6
0
1
21
0
0
0
0
0
0
0
0
0
0
0
14
0
2
0
0
11
0
0
0
0
13
0
0
0
0
14
0
2
0
0
11
0
0
0
0
13
0
0
0
0
14
0
2
0
0
11
0
0
0
0
13
0
0
0
0
14
0
2
0
0
11
0
0
0
0
13
0
0
0
0
14
0
2
0
3
11
0
0
0
0
11
0
11
0
1
0
13
0
0
0
0
0
1
0
0
1
0
12
0
3
2
0
7
0
8
0
58
0
7
11
0
12
0
6
0
11
0
11
0
1
0
12
0
3
17
0
1
0
12
0
1
0
0
0
2
0
7
0
8
0
11
0
12
0
6
0
12
0
2
58
0
0
13
0
0
1
0
0
1
0
12
0
1
13
0
0
1
6
240
600
2
3
0
0
1
1
0
1
1
0
1
1
0
1
1
0
1
1
0
1
1
0
0
1
0
1
0
1
0
1
0
0
0
0
0
0
0
0
0
2
0
3
0
4
0
0
1
5
6
6
0
1
1
0
1
1
0
OnWaitForInput
stage

p_move_out_all
p_blockwalls
BlockWalls_in
BlockWalls
BlockWalls_out
p_select_stage
p_carstriangle
CarsTriangle_in
CarsTriangle
carsTriangleColor
CarsTriangle_out
p_chunkmiddle
ChunkMiddle_in
ChunkMiddle
chunkMiddleStart
ChunkMiddle_out
trash_one_in
trash_one_out
p_trash_one
trash_one
world_state
0
1
2
3
4
1
2
5
6
5
5
7
7
6
8
9
1
2
10
11
12
10
10
13
13
11
8
14
1
2
15
16
17
15
15
18
18
16
8
3
1
2
19
5
10
15
20
7
13
18
8
1
2
3
4
9
14
21
8
21
1
2
19
22
19
19
20
20
22
8
23
1
2
3
